1.280000000000000000e+02
3.810000000000000000e+02
6.850000000000000000e+02
8.840000000000000000e+02
9.790000000000000000e+02
1.043000000000000000e+03
1.161000000000000000e+03
1.290000000000000000e+03
1.520000000000000000e+03
1.672000000000000000e+03
1.673000000000000000e+03
1.686000000000000000e+03
1.797000000000000000e+03
2.638000000000000000e+03
2.676000000000000000e+03
2.724000000000000000e+03
2.870000000000000000e+03
3.082000000000000000e+03
3.161000000000000000e+03
3.211000000000000000e+03
3.431000000000000000e+03
3.478000000000000000e+03
3.769000000000000000e+03
3.842000000000000000e+03
4.146000000000000000e+03
4.474000000000000000e+03
5.029000000000000000e+03
5.096000000000000000e+03
5.422000000000000000e+03
5.644000000000000000e+03
5.653000000000000000e+03
5.674000000000000000e+03
5.695000000000000000e+03
5.748000000000000000e+03
5.834000000000000000e+03
5.919000000000000000e+03
5.973000000000000000e+03
6.065000000000000000e+03
6.354000000000000000e+03
6.397000000000000000e+03
6.479000000000000000e+03
6.708000000000000000e+03
6.743000000000000000e+03
6.970000000000000000e+03
7.001000000000000000e+03
7.023000000000000000e+03
7.147000000000000000e+03
7.299000000000000000e+03
7.363000000000000000e+03
7.422000000000000000e+03
7.509000000000000000e+03
7.576000000000000000e+03
7.607000000000000000e+03
7.653000000000000000e+03
7.692000000000000000e+03
7.865000000000000000e+03
8.169000000000000000e+03
8.280000000000000000e+03
8.583000000000000000e+03
8.620000000000000000e+03
8.647000000000000000e+03
8.671000000000000000e+03
8.729000000000000000e+03
8.772000000000000000e+03
8.981000000000000000e+03
8.987000000000000000e+03
9.040000000000000000e+03
9.159000000000000000e+03
9.217000000000000000e+03
9.224000000000000000e+03
9.237000000000000000e+03
9.268000000000000000e+03
9.310000000000000000e+03
9.395000000000000000e+03
9.437000000000000000e+03
9.487000000000000000e+03
9.720000000000000000e+03
9.820000000000000000e+03
9.840000000000000000e+03
9.905000000000000000e+03
9.945000000000000000e+03
1.008700000000000000e+04
