3.810000000000000000e+02
6.260000000000000000e+02
7.260000000000000000e+02
9.190000000000000000e+02
9.850000000000000000e+02
1.060000000000000000e+03
1.166000000000000000e+03
1.362000000000000000e+03
1.521000000000000000e+03
1.673000000000000000e+03
1.674000000000000000e+03
1.699000000000000000e+03
1.804000000000000000e+03
2.639000000000000000e+03
2.695000000000000000e+03
2.741000000000000000e+03
3.060000000000000000e+03
3.105000000000000000e+03
3.194000000000000000e+03
3.309000000000000000e+03
3.468000000000000000e+03
3.643000000000000000e+03
3.831000000000000000e+03
3.847000000000000000e+03
4.183000000000000000e+03
4.730000000000000000e+03
5.050000000000000000e+03
5.301000000000000000e+03
5.448000000000000000e+03
5.647000000000000000e+03
5.670000000000000000e+03
5.675000000000000000e+03
5.727000000000000000e+03
5.792000000000000000e+03
5.903000000000000000e+03
5.926000000000000000e+03
6.064000000000000000e+03
6.100000000000000000e+03
6.378000000000000000e+03
6.427000000000000000e+03
6.561000000000000000e+03
6.732000000000000000e+03
6.769000000000000000e+03
6.971000000000000000e+03
7.005000000000000000e+03
7.145000000000000000e+03
7.299000000000000000e+03
7.334000000000000000e+03
7.369000000000000000e+03
7.465000000000000000e+03
7.564000000000000000e+03
7.607000000000000000e+03
7.653000000000000000e+03
7.681000000000000000e+03
7.816000000000000000e+03
7.986000000000000000e+03
8.264000000000000000e+03
8.563000000000000000e+03
8.587000000000000000e+03
8.622000000000000000e+03
8.649000000000000000e+03
8.715000000000000000e+03
8.751000000000000000e+03
8.835000000000000000e+03
8.986000000000000000e+03
9.031000000000000000e+03
9.116000000000000000e+03
9.166000000000000000e+03
9.224000000000000000e+03
9.236000000000000000e+03
9.238000000000000000e+03
9.281000000000000000e+03
9.354000000000000000e+03
9.419000000000000000e+03
9.487000000000000000e+03
9.668000000000000000e+03
9.792000000000000000e+03
9.830000000000000000e+03
9.905000000000000000e+03
9.945000000000000000e+03
9.952000000000000000e+03
1.042700000000000000e+04
